скобки ID_pacients количествопос2019-21
[1] 10   11
[1] 1120   98
[1] 1475   13
[1] 1578   29
[1] 1636   20
[1] 1714   11
[1] 1736   33
[1] 1790   73
[1] 1839   94
[1] 1875   19
[1] 1908    4
[1] 1955   43
[1] 2247   23
[1] 2259   44
[1] 2288   35
[1] 2357   27
[1] 2360   27
[1] 2374   22
[1] 2384   23
[1] 2389    4
[1] 2406   29
[1] 2415    3
[1] 2478   19
[1] 2491   14
[1] 2503   26
[1] 2525   11
[1] 2535   18
[1] 2538   13
[1] 2553   18
[1] 2560   18
[1] 2564   22
[1] 2588   15
[1] 2606    7
[1] 2615    1
[1] 2618   16
[1] 2624   15
[1] 2630    1
[1] 2656    1
[1] 2657    1
[1] 2658    1
[1] 2660    1
[1] 2663    1
[1] 2670   15
[1] 2674    3
[1] 2677    1
[1] 2684    1
[1] 2685    8
[1] 2691    1
[1] 2695   11
[1] 2708    9
[1] 2710    1
[1] 2721    5
[1] 2731    3
[1] 2734    1
[1] 2736    1
[1] 2741    4
[1] 2744    1
[1] 2745    1
[1] 2757    1
[1] 2768    1
[1] 2770    1
[1] 2774    1
[1] 2776    1
[1] 2779    1
[1] 2781    1
[1] 2782    3

